5
-4
-6
-2
14
15
5
8
13
-2
-14
6
-6
-1
-5
-17
-3
-5
22
-9
-13
-19
-18
0
-18
-21
-14
-6
-18
-17
-1
-9
-18
-2
-3
-1
-1
-2
-9
3
2
-15
0
0
-9
-7
9
-3
14
-8
-2
-13
-7
-7
-9
1
-17
-8
1
-4
3
-13
-11
-11
-14
9
-3
-8
-18
-2
-8
-5
-10
2
-8
14
0
7
16
7
-9
-9
-8
-18
13
-9
2
-11
-14
-1
-4
-10
-7
-9
1
-24
3
6
-16
9
3
-9
-9
-20
2
-13
-1
8
6
10
8
-2
7
9
-1
3
-10
-5
5
-2
0
-3
-5
-3
0
0
-4
8
5
-14
-8
-11
2
-11
15
-10
6
4
1
-18
-15
-10
-24
11
-7
3
-2
-19
-4
-7
1
4
-13
1
2
6
-17
-9
-4
10
-13
-1
2
-2
-6
-5
-4
-17
6
-7
0
4
-9
-1
5
-8
-21
-12
9
1
13
-4
1
1
1
0
-1
4
-2
2
-5
-2
3
5
-15
9
1
-2
1
11
-3
7
6
2
8
-6
-15
-4
10
3
-7
-1
-6
-4
-4
-4
-1
5
-5
7
-5
6
-12
7
6
2
-6
6
-4
6
9
10
9
-4
7
5
10
-4
0
0
2
-9
4
-1
-13
-1
-1
-3
7
6
8
1
-10
2
11
-2
2
2
1
6
7
4
-4
6
4
8
0
-8
-15
-9
-8
-12
-5
-5
-18
-8
-18
-7
-17
-5
-10
6
5
5
8
1
-11
-17
-19
-28
-22
-25
-18
-17
1
-6
-19
-18
-2
-6
-10
26
-4
6
14
-11
1
3
9
8
25
4
4
9
10
-1
0
20
9
-6
-5
-11
-13
-7
-3
1
-11
9
21
8
2
5
-3
-6
10
-8
3
-9
5
-11
-10
1
-2
-11
-13
3
-12
-1
-9
-14
-12
-12
-25
-9
-4
-16
-5
-6
4
7
-20
11
3
0
-1
-11
-14
-5
-24
-28
-10
-22
-1
7
-18
-15
-25
-8
-12
-25
0
-7
-7
-12
-19
-3
-18
-26
-17
-8
15
2
-3
7
-7
-4
-4
2
-2
8
0
-5
6
-9
-13
-10
-6
-28
-19
3
7
21
14
-4
18
-12
13
15
14
8
-15
26
8
-16
-6
5
-8
7
13
7
-3
-5
0
-4
8
8
1
2
-2
-11
18
8
-6
22
-12
2
23
1
-7
-7
-28
0
4
-6
-10
22
-5
1
14
-3
15
3
14
13
11
-6
-3
-19
3
8
11
1
2
-12
22
-1
-20
-13
4
4
-5
-4
-4
-8
1
1
-2
7
32
26
35
-3
6
-11
6
-22
-2
8
-2
4
-15
11
6
1
7
2
33
2
5
7
-11
-12
-3
1
-2
1
5
1
-1
2
0
-2
11
5
-2
-17
-8
-4
6
3
0
-1
-7
19
-9
-21
-5
-12
17
27
-4
4
15
12
3
12
-7
-18
-18
21
-24
-11
16
1
-17
-6
3
16
8
11
1
-15
25
13
-7
-11
-3
5
1
-8
-5
-8
5
-11
18
-16
-26
13
10
13
19
10
-10
2
-9
5
-18
15
7
1
4
13
-6
-12
-6
-4
10
1
-1
16
16
5
5
-21
8
5
22
-6
30
-12
13
33
-13
7
2
3
13
10
5
17
18
9
13
7
-8
-21
16
-27
-3
3
12
-4
4
4
-9
10
10
8
3
1
13
-6
-4
4
27
4
16
3
-20
10
13
-8
-7
9
-13
14
-3
13
7
5
0
-19
-4
-8
12
-12
8
0
10
14
-1
-17
1
2
12
-25
-14
26
-6
21
-10
11
14
4
-5
-5
-10
-8
-4
0
-7
-12
5
6
-17
13
16
-2
3
-8
11
4
2
19
4
-12
-8
-3
4
15
10
12
10
1
3
-17
12
-14
2
11
2
16
20
13
-8
11
-7
8
21
-17
7
6
-3
24
-25
37
23
17
12
-25
3
26
8
-2
16
-18
7
-2
17
21
16
-11
6
13
7
6
4
-8
5
-9
3
4
-24
13
8
3
-13
11
4
24
-4
7
4
7
4
15
-1
7
11
0
-7
-5
9
23
10
-4
2
2
-6
1
-1
7
15
3
23
-6
-6
12
13
4
-23
-7
-24
-14
7
14
14
3
4
2
3
11
1
2
-14
10
14
-13
20
7
-12
-10
-3
3
34
-1
6
-5
18
-7
0
-1
-2
-4
6
13
2
5
2
-4
14
13
8
-6
8
15
5
-15
-4
10
-3
12
26
10
9
1
-24
-8
15
-4
-16
3
10
-3
-24
-21
-7
-5
20
3
11
-9
28
4
-32
-8
10
-5
4
32
7
15
26
13
-1
17
-9
-3
-12
-3
-13
-6
19
11
2
4
4
1
21
7
4
-13
14
1
31
12
3
6
15
-3
8
22
9
6
-17
1
-1
-5
-12
-3
0
10
-4
-13
-6
-9
-21
-7
-2
12
-3
-6
0
-19
-12
-12
10
13
-3
7
1
-7
-10
-2
-6
4
-6
4
7
1
5
11
11
10
3
16
-13
-3
3
-8
-18
4
-15
-4
-17
-28
4
-7
10
-3
-13
33
-4
18
-4
12
6
14
15
-1
1
2
3
5
-1
15
-2
20
2
-4
17
8
-5
-26
-11
-11
-13
1
16
11
