127
127
-128
51
-101
93
125
-128
-128
127
-128
49
127
127
-114
-125
-66
112
122
-96
11
-19
18
32
-13
-26
-128
53
-87
-84
18
97
27
127
127
75
97
126
127
16
98
29
57
52
125
43
-128
-128
127
127
-128
-26
39
-46
40
78
-128
-109
127
127
-128
127
-53
84
54
127
111
56
127
-95
-77
5
127
4
64
-128
-109
-7
6
-92
69
-24
-114
62
127
-20
-16
127
127
65
20
127
127
48
24
91
-114
-128
42
-128
127
16
-45
-39
-128
20
-85
-128
127
27
41
127
-128
-128
-50
28
-98
-39
-11
127
-128
13
127
-128
49
-128
-128
9
127
127
2
-27
-65
36
-2
-56
53
-15
-128
-128
127
100
-128
-128
-128
-8
58
-27
-128
-121
-115
11
73
50
120
127
-65
78
0
-128
-128
48
-4
-110
52
55
42
-102
9
-51
127
39
-41
127
-81
76
90
-46
-126
9
-86
-51
-59
-46
-102
-80
-104
-128
127
-128
-110
127
23
87
-8
-51
7
-128
-128
-113
-128
59
-30
-128
-116
-128
-17
7
-94
127
93
127
-83
17
-12
65
127
94
127
-128
-8
16
51
45
-18
-88
85
-128
-111
-128
-128
-74
-4
53
-40
127
-26
7
-102
16
-128
-73
-6
115
-39
85
60
34
-100
-128
67
-43
127
127
127
127
64
-102
127
-8
-36
-23
127
-75
-128
90
57
127
-128
127
-52
127
-64
127
127
-55
27
-22
-36
125
48
68
46
127
-95
90
-22
-48
1
93
-128
127
127
-128
16
-128
-14
51
-77
115
127
118
38
-128
59
-128
-128
118
-128
124
-17
22
-128
-37
-128
127
-128
127
-53
-128
8
-96
6
-128
127
106
-124
127
68
-93
127
-16
-99
116
-35
-128
-110
28
-112
127
10
-88
-34
127
-91
103
19
127
121
-128
13
-20
-128
-127
79
127
-43
118
-128
-113
48
98
-38
-128
-34
112
38
-22
32
127
-17
127
-89
127
48
-19
-25
-117
-56
-4
104
127
-128
127
86
26
127
52
68
-128
-99
31
-19
69
127
127
-86
7
-128
4
38
-64
-81
127
-128
87
-128
-119
74
-58
-128
-27
127
127
51
120
-30
-128
87
-111
-128
107
-128
56
42
18
21
127
-1
81
48
127
127
31
64
121
20
-128
-117
25
-81
127
-128
127
-128
99
-79
-59
-17
127
-9
127
-128
127
-10
73
-95
54
-110
-106
32
-65
-13
-80
127
-85
127
-16
127
127
104
-128
-2
61
-128
-38
96
-56
-45
-114
-64
-128
-28
127
-23
54
122
32
-109
11
127
127
-128
123
-99
108
-53
-38
-128
-35
-128
-128
127
-128
127
-22
127
41
-65
-26
118
127
-57
41
127
-25
110
2
127
-83
-76
-124
-128
-128
87
87
75
-54
-103
-115
-76
-88
-128
73
-58
127
126
2
83
-66
-45
-128
-98
-128
-128
-128
-82
111
127
-128
-112
-74
80
127
-128
-128
79
127
-128
69
-128
7
52
100
-95
25
23
127
113
37
-128
-58
-75
34
11
47
-5
96
-128
-128
72
75
67
-128
127
-22
-64
113
99
32
-128
105
-52
-126
127
127
-24
127
-50
62
-47
-21
-14
-31
98
-63
127
42
76
84
-19
127
82
-97
-30
-128
39
93
-3
127
-128
-94
61
-120
36
-100
-41
-13
127
-63
117
-128
43
41
-128
127
101
123
65
-60
29
-80
-121
-70
-128
-52
-128
71
-2
127
-128
49
15
84
127
68
-24
-5
41
-128
-122
56
37
-44
69
0
-59
94
-5
62
-48
-11
-128
-37
54
8
-128
118
20
-100
64
30
35
127
-76
127
-6
-30
77
127
-128
-44
73
-63
-128
-70
-69
-128
-128
53
127
26
-128
-75
-128
100
-57
-125
127
17
31
-128
-128
-78
55
-45
-119
87
127
-4
-82
65
9
-51
46
-26
-17
-128
-48
-38
127
109
-40
-128
44
-128
127
-29
127
-128
127
127
127
25
-104
127
127
-128
-106
-72
67
54
-128
-74
70
-101
18
-104
-34
-41
-128
-64
89
-128
127
89
69
-15
-93
-11
59
-128
-72
-6
-128
124
-55
78
65
5
-128
-97
127
-65
-128
-98
-76
67
98
-7
-69
-128
-128
13
-59
24
127
0
67
64
42
11
-110
127
-40
21
-6
12
-122
-108
51
127
83
-128
-72
-47
127
27
31
50
39
-15
-84
20
-128
-50
-128
65
63
-128
75
-15
-58
119
-128
41
127
127
-18
-128
-14
-123
66
127
-128
52
-89
-51
-54
127
-60
51
37
66
64
78
-42
-128
-128
77
32
127
-76
-118
88
-33
-83
127
-45
-128
-80
-100
-61
-62
80
-26
127
-104
70
-128
-67
0
-17
-9
-128
127
-128
110
13
-42
-15
75
-91
63
-51
-50
124
47
-8
127
-128
-102
127
127
-28
-9
-15
127
40
-87
-3
-128
85
127
127
-59
44
-128
-128
99
-128
-128
-99
106
89
13
-67
-20
17
100
-17
-78
52
127
-105
-128
-128
-128
-128
-94
127
-128
-49
-124
2
12
127
-128
-5
-60
-84
-37
-110
-128
-8
80
22
-14
-81
12
-92
73
-62
-104
-43
127
35
61
127
-114
-124
72
-128
106
-128
-40
62
-128
-20
-118
52
127
127
-80
-90
69
-62
121
127
115
96
127
65
-128
-24
127
99
-53
-55
-128
-52
127
-128
-128
-71
78
-89
127
-128
32
14
58
127
-110
-88
-99
-128
127
113
-39
127
-128
-33
-58
-75
110
-88
-59
-14
-128
48
-55
-56
59
127
-36
123
-29
-47
99
-74
20
31
74
74
50
-63
45
127
84
-98
-65
-76
-128
99
-29
127
-128
19
-88
53
-48
-83
-62
-2
-67
0
104
-128
127
53
-61
21
62
-61
113
-81
79
127
109
89
50
86
0
127
127
119
-42
-93
44
-1
-22
-2
-67
81
21
127
-78
-24
53
-29
-51
-65
127
-34
20
127
-128
127
127
36
-5
120
-127
-121
-128
108
17
66
-32
-128
-46
6
98
-128
63
-54
-65
82
-60
15
-128
112
-70
-26
-128
-71
113
127
101
-128
-61
18
50
-67
30
-128
127
14
-128
91
-86
5
127
-128
-128
-27
40
-126
-15
-65
-128
-128
-128
127
-43
-50
21
-92
-128
73
-57
89
-29
-128
67
-45
127
64
-128
-128
-85
-37
-128
94
-97
-128
41
110
-77
-52
127
-128
-58
127
127
114
109
-18
-61
-77
3
39
-128
78
127
98
37
127
46
125
127
-128
-128
115
46
-70
-128
104
85
-88
8
-128
-70
-24
-128
127
-103
64
-90
-128
-61
49
102
120
13
-40
104
-120
-30
-128
49
127
52
51
88
127
-128
47
19
127
18
-125
-128
127
113
-76
127
81
124
119
69
-128
75
92
45
-128
-128
-128
16
113
-12
-17
127
-128
12
56
-108
121
25
-128
-128
89
-51
-73
43
-53
35
83
-86
-60
0
102
-128
-98
-114
111
-128
81
35
-128
127
-124
-128
18
40
-128
-110
105
127
-128
1
97
-91
102
-80
90
10
-50
20
-51
14
120
-128
-84
99
-11
9
18
25
100
61
112
-5
127
-15
43
127
59
113
-39
-123
-35
127
-100
36
75
-14
-40
127
-128
-4
86
105
-42
-125
59
-68
-128
36
22
73
43
73
127
127
19
-99
-60
64
-24
-128
-94
-128
26
-128
127
-6
53
-128
-66
88
-128
-125
6
48
-56
127
-11
23
116
-61
-64
127
-39
127
-26
69
-123
-128
-53
-102
-95
-128
-128
-72
-119
32
61
114
-128
-128
-67
-69
127
-128
-35
-31
13
-91
-32
65
127
-128
127
127
-15
28
127
2
-84
-113
-16
61
127
43
93
63
-75
-5
99
-115
-6
127
70
33
-116
13
-9
-54
25
32
110
127
-128
-128
-128
-128
127
-109
-107
71
127
82
-6
-128
33
28
-128
127
-128
105
-24
-45
30
-128
127
13
127
127
-12
-2
127
4
127
-9
-12
77
-84
127
127
-66
-51
-28
-128
-21
115
-10
127
114
49
4
-71
-4
127
-22
127
-13
-128
-30
127
-128
-44
-128
16
-74
20
102
-128
-128
82
-128
108
44
-128
-128
110
127
36
-75
115
-36
-35
127
-128
94
-128
-128
55
-128
-65
-27
-84
127
127
23
-38
-128
64
117
-66
127
-7
-36
36
112
105
127
-128
0
-28
-52
-128
-117
122
66
-128
-21
127
-114
-11
95
31
-55
79
-114
127
-128
120
38
-115
127
6
62
-128
82
-7
111
75
67
-128
27
-128
51
127
-8
127
-8
-128
8
36
-128
-128
-82
38
-75
19
108
-33
127
31
-23
-82
-4
-26
-128
-128
-14
127
127
27
-19
-6
-128
12
127
-31
-6
121
127
10
-128
-49
109
97
-57
-107
-128
127
-128
-97
-128
11
-32
127
-128
-12
-81
-128
51
21
127
-128
12
97
-128
121
-1
77
-34
127
-2
-87
-128
22
127
-40
-128
-128
80
-23
3
114
-114
-128
66
-118
-97
-128
118
127
-124
-128
-6
61
-128
25
-46
-42
-128
127
58
-93
119
-113
25
71
127
45
-128
127
79
-5
-113
1
31
-31
67
127
-100
58
113
-128
-128
127
39
5
-118
94
98
127
127
76
-128
-115
-47
-69
127
-103
55
127
-128
-19
25
-17
-128
77
127
-105
112
-128
-128
127
-84
68
61
-128
127
-8
100
-13
-111
-71
-51
39
-60
-128
127
-28
117
31
57
127
-100
-50
-128
11
-128
-128
-17
70
-87
34
56
-72
-128
-28
29
71
-128
127
76
45
127
57
49
68
0
-60
-93
-128
-28
-128
-2
-119
-102
127
-23
127
-110
-128
-8
-128
53
-57
-128
-121
-24
40
30
106
48
-128
-128
113
-76
127
-7
-14
20
-128
-128
-28
-105
15
57
105
-49
28
18
-128
-44
83
-128
-32
56
77
-111
-26
115
84
-22
-17
-68
127
52
-122
53
29
21
-16
42
127
58
127
-6
29
-128
-78
-128
87
52
83
-49
127
127
-29
-128
-100
-39
49
127
-48
26
-33
-128
127
38
23
127
127
127
-24
-92
-7
-128
127
0
103
-128
-88
-107
-112
-15
-121
-76
60
127
85
-47
-117
-44
-58
127
-128
52
43
-28
-118
41
-100
32
39
94
105
-128
-44
127
-128
9
-12
28
-52
127
73
56
127
11
-23
-128
-105
42
-128
2
-128
-39
-11
12
127
-123
53
-9
127
-26
-77
-128
86
127
75
95
37
49
127
-128
127
13
41
-128
-128
67
13
-128
29
127
-128
58
85
-5
-9
13
-20
-128
69
35
-47
11
-80
-121
127
-94
-119
126
71
-128
-11
84
58
32
-33
13
-50
-5
-57
127
52
-83
-128
65
-3
-128
-128
127
127
-92
-128
127
-128
48
60
-65
-70
14
104
-128
84
70
-128
-83
-128
-117
22
66
28
5
11
50
80
-63
-120
-128
-128
127
-65
-22
127
108
87
51
-86
-128
-76
-127
-51
127
127
127
97
5
86
111
-74
33
-84
-128
-94
-128
93
-87
127
89
-11
-128
-38
127
-5
-128
60
127
-3
-112
42
-107
127
122
-121
-37
-128
-13
127
-128
-128
-73
-68
32
-128
127
78
22
-44
-107
126
-102
-128
127
25
127
20
127
-120
-126
-128
-84
-65
-128
27
-128
-101
77
-117
127
-33
-23
30
59
50
127
-51
-43
120
-124
-7
-4
127
-51
127
127
96
27
127
-115
-90
18
107
87
127
127
-89
46
61
-37
-61
-67
127
60
-69
-13
-12
127
-103
-126
-128
-59
-115
-122
127
103
-128
-71
-128
-128
-50
77
-128
-65
-128
101
24
-128
127
-49
-128
-89
-128
127
27
-114
-25
97
-119
11
13
127
127
-122
104
120
-128
75
-128
127
-65
111
64
-104
24
74
-65
-44
-128
-128
3
30
127
127
81
-128
-113
40
72
51
-95
-128
-1
127
-13
-128
-128
-126
-103
119
-128
25
127
-128
127
127
127
127
-44
-17
76
-128
-98
-104
102
71
127
-89
1
28
6
92
-128
-41
-128
-23
-115
39
115
41
99
1
-128
-128
114
76
57
127
-124
127
51
-128
-2
-110
-6
105
17
55
86
6
74
-91
127
105
5
-128
-128
-128
-17
-128
-58
-75
14
34
43
127
93
-128
100
3
127
127
92
2
-67
-128
-128
35
-13
-46
-128
2
78
-52
127
-128
-94
-27
0
-81
-64
-128
-50
3
-71
0
-118
3
3
25
23
70
-47
-60
18
-128
35
-44
-7
105
-67
-41
-36
-39
-128
127
-57
-9
127
63
127
-55
111
67
-82
127
78
-128
-102
-128
-16
60
61
-47
-128
19
100
48
68
-128
127
54
-36
-19
-128
124
127
-5
-93
-128
-97
-98
-114
-6
-128
-17
-115
127
127
127
-96
-53
-110
-128
-58
-115
-103
-127
10
-99
26
-128
-34
127
-54
106
90
-106
-38
89
127
-118
-26
101
-128
-72
-7
3
87
-50
5
-4
120
127
-22
52
12
115
64
-13
-25
-3
-128
-107
-128
-39
116
-14
-56
10
-68
-47
-128
83
-123
-128
127
69
12
-84
-18
127
60
-26
-50
127
-128
-43
-85
63
127
127
62
-7
-109
-107
-128
3
127
-128
-1
-128
127
1
-3
85
-107
-35
106
-76
-128
-7
-85
24
-93
42
127
-28
42
9
17
127
-59
-107
127
57
72
-65
14
-128
42
4
-43
127
-54
-26
4
127
-88
-9
58
-128
7
-68
57
111
-14
-97
-109
-95
127
-42
-78
-44
60
-82
-69
40
-128
12
31
99
127
-47
-37
-72
124
71
127
127
-86
127
52
-8
127
-25
-91
127
97
92
127
-69
-32
127
-96
-94
127
4
-128
27
-128
35
-55
-128
-91
-128
-45
-2
-128
-128
-63
-57
-128
122
-49
-56
70
-20
-128
57
-128
-52
-79
-128
-69
60
-17
3
127
-24
127
-107
-103
22
22
-95
3
-128
-120
13
127
-51
29
-51
-110
-128
100
127
-15
-128
31
40
127
-124
-128
-46
-36
111
70
-128
127
19
127
-81
-33
127
-31
127
127
-112
-128
-128
90
38
-12
-128
117
-51
-28
-4
72
-110
-15
-128
7
-18
-87
-128
-128
-53
127
5
20
-123
66
89
8
9
-42
-27
-35
85
-98
-63
105
-114
-36
-27
120
127
-128
-67
-128
-128
35
5
76
-103
-42
-61
-83
127
-128
60
7
78
119
127
17
-22
-128
-128
-128
59
127
127
36
107
-110
127
18
-128
-128
-128
127
-20
-128
-52
8
-39
-128
-63
-128
-87
127
52
47
-43
-128
24
127
21
-109
127
-37
127
122
91
-67
72
-120
-128
-128
35
123
-55
-128
127
73
102
-105
87
-15
-128
127
63
127
-60
-128
-128
-110
64
-128
110
39
124
-104
47
-7
112
40
-34
127
-25
45
58
127
-20
-46
-20
-128
5
-95
127
76
-8
127
1
-122
26
127
-59
6
-127
-23
127
-128
-49
-35
-125
26
-33
-75
127
47
-128
73
127
-81
127
127
-84
-64
-33
10
-75
39
53
-48
-128
-128
109
-40
115
-128
-108
127
-128
-128
-27
13
127
127
-29
-101
25
127
-68
127
57
47
127
-85
127
-128
-128
62
2
-44
127
127
-128
-10
4
60
33
-5
21
35
127
41
127
-91
127
65
2
-116
-15
41
-25
-121
-43
-128
31
-3
-10
127
99
127
-53
55
73
68
-104
-15
32
-128
32
111
-101
-128
-103
0
-50
127
-20
11
-128
-106
13
-47
-77
-128
120
-128
42
38
53
36
106
-5
-48
-64
-128
1
-10
4
-128
2
127
-128
127
-95
17
88
127
-85
102
-41
-1
-84
25
107
124
13
-22
29
127
-128
127
20
-19
127
-128
-62
-39
-128
-30
-52
-128
115
-111
-128
-128
-18
6
31
-49
-123
127
46
-10
-80
-19
-90
60
-46
-99
124
127
-62
27
-120
90
-88
55
119
-91
-52
48
95
93
-127
76
127
82
-101
-39
88
-128
56
35
-128
23
-77
127
-102
91
-9
31
54
127
37
-128
71
53
82
56
-25
-128
39
12
85
127
-128
-20
-124
-46
127
127
71
-13
-13
114
-113
-90
-54
-19
39
13
127
127
29
3
-128
26
-15
73
69
95
-92
-128
27
-65
-6
-1
-63
31
127
98
-128
127
-128
127
79
25
21
-37
-44
127
127
-108
-101
127
-128
-116
92
-128
29
-128
-128
-128
18
115
28
-95
-31
12
-20
20
127
31
127
90
13
-128
-53
-61
-121
-128
127
33
