113
110
-109
26
-51
47
63
-67
-119
127
-69
24
120
72
-57
-63
-33
56
61
-48
6
-10
9
16
-7
-13
-65
26
-43
-42
9
48
13
93
68
37
49
63
127
8
49
14
28
26
62
21
-114
-100
96
107
-85
-13
19
-23
20
39
-77
-55
71
95
-128
92
-26
42
27
88
55
28
95
-47
-38
3
127
2
32
-93
-55
-4
3
-46
34
-12
-57
31
98
-10
-8
94
67
32
10
127
110
24
12
46
-57
-86
21
-127
81
8
-22
-19
-65
10
-42
-66
79
13
21
77
-79
-88
-25
14
-49
-19
-6
82
-67
6
123
-91
24
-107
-109
4
104
125
1
-14
-33
18
-1
-28
27
-7
-80
-66
69
50
-92
-103
-103
-4
29
-14
-92
-60
-57
6
37
25
60
99
-33
39
0
-76
-67
24
-2
-55
26
27
21
-51
4
-26
97
19
-20
109
-41
38
45
-23
-63
5
-43
-26
-30
-23
-51
-40
-52
-67
109
-110
-55
91
11
43
-4
-26
3
-101
-104
-56
-128
30
-15
-69
-58
-105
-8
3
-47
90
47
127
-42
8
-6
32
73
47
83
-79
-4
8
26
22
-9
-44
42
-84
-56
-71
-77
-37
-2
27
-20
101
-13
4
-51
8
-75
-36
-3
58
-20
43
30
17
-50
-98
34
-21
95
81
121
121
32
-51
75
-4
-18
-12
81
-38
-69
45
28
67
-96
65
-26
127
-32
78
113
-28
13
-11
-18
63
24
34
23
85
-47
45
-11
-24
1
47
-128
114
71
-88
8
-65
-7
26
-39
57
121
59
19
-86
29
-70
-81
59
-90
62
-8
11
-75
-18
-106
124
-128
68
-26
-73
4
-48
3
-103
123
53
-62
95
34
-46
120
-8
-49
58
-17
-95
-55
14
-56
122
5
-44
-17
90
-46
51
9
72
61
-95
7
-10
-81
-64
39
97
-21
59
-75
-56
24
49
-19
-70
-17
56
19
-11
16
85
-9
127
-44
78
24
-10
-12
-58
-28
-2
52
118
-98
69
43
13
70
26
34
-70
-49
15
-9
35
89
72
-43
4
-108
2
19
-32
-41
106
-91
43
-99
-60
37
-29
-65
-13
91
80
25
60
-15
-70
43
-55
-95
53
-66
28
21
9
11
104
-1
41
24
86
127
15
32
60
10
-92
-58
12
-40
71
-74
68
-84
49
-40
-30
-8
111
-4
117
-70
110
-5
37
-48
27
-55
-53
16
-33
-6
-40
70
-42
63
-8
72
122
52
-69
-1
30
-73
-19
48
-28
-23
-57
-32
-121
-14
123
-11
27
61
16
-54
6
68
104
-78
61
-50
54
-27
-19
-64
-18
-64
-99
72
-128
76
-11
115
20
-33
-13
59
89
-29
20
66
-13
55
1
91
-42
-38
-62
-66
-128
43
44
38
-27
-51
-57
-38
-44
-126
36
-29
101
63
1
41
-33
-23
-73
-49
-88
-78
-75
-41
56
71
-128
-56
-37
40
83
-118
-103
39
90
-71
34
-88
3
26
50
-47
12
12
99
56
18
-83
-29
-37
17
6
23
-3
48
-107
-75
36
38
33
-76
100
-11
-32
57
49
16
-128
53
-26
-63
127
114
-12
86
-25
31
-24
-10
-7
-15
49
-32
70
21
38
42
-9
75
41
-48
-15
-103
19
47
-2
67
-128
-47
31
-60
18
-50
-21
-6
111
-31
58
-93
21
20
-101
65
50
61
32
-30
14
-40
-60
-35
-97
-26
-70
36
-1
127
-118
24
7
42
127
34
-12
-3
20
-75
-61
28
18
-22
35
0
-30
47
-2
31
-24
-5
-99
-19
27
4
-111
59
10
-50
32
15
17
65
-38
67
-3
-15
38
104
-91
-22
37
-32
-81
-35
-35
-128
-70
27
74
13
-74
-38
-84
50
-29
-62
96
8
15
-128
-90
-39
27
-22
-60
43
127
-2
-41
32
5
-25
23
-13
-9
-101
-24
-19
127
55
-20
-91
22
-107
123
-14
74
-128
127
69
90
12
-52
104
72
-94
-53
-36
33
27
-87
-37
35
-51
9
-52
-17
-20
-93
-32
44
-84
86
44
35
-8
-46
-5
30
-89
-36
-3
-101
62
-28
39
33
2
-76
-48
110
-32
-77
-49
-38
33
49
-3
-34
-66
-124
6
-29
12
101
0
34
32
21
6
-55
95
-20
10
-3
6
-61
-54
26
103
42
-128
-36
-23
125
13
15
25
20
-7
-42
10
-124
-25
-125
33
32
-93
37
-7
-29
59
-128
20
115
127
-9
-76
-7
-61
33
65
-86
26
-44
-26
-27
98
-30
25
18
33
32
39
-21
-78
-67
39
16
78
-38
-59
44
-16
-42
83
-22
-114
-40
-50
-30
-31
40
-13
127
-52
35
-68
-33
0
-9
-5
-99
73
-83
55
6
-21
-8
37
-46
31
-26
-25
62
24
-4
91
-84
-51
126
106
-14
-5
-8
84
20
-44
-2
-69
43
73
68
-29
22
-76
-85
50
-116
-86
-50
53
44
7
-33
-10
9
50
-9
-39
26
69
-53
-104
-72
-95
-128
-47
96
-70
-25
-62
1
6
86
-78
-3
-30
-42
-18
-55
-93
-4
40
11
-7
-40
6
-46
36
-31
-52
-21
89
18
31
96
-57
-62
36
-74
53
-115
-20
31
-71
-10
-59
26
127
127
-40
-45
35
-31
60
127
58
48
102
33
-76
-12
84
49
-26
-27
-76
-26
88
-128
-117
-35
39
-45
96
-112
16
7
29
98
-55
-44
-49
-104
106
56
-19
68
-80
-16
-29
-38
55
-44
-29
-7
-78
24
-28
-28
29
69
-18
62
-14
-23
49
-37
10
16
37
37
25
-31
22
102
42
-49
-33
-38
-92
50
-14
87
-116
10
-44
26
-24
-42
-31
-1
-33
0
52
-118
67
26
-31
11
31
-31
57
-41
40
94
55
45
25
43
0
75
64
60
-21
-46
22
-1
-11
-1
-33
41
10
67
-39
-12
27
-14
-25
-32
123
-17
10
125
-72
67
79
18
-3
60
-64
-61
-65
54
8
33
-16
-127
-23
3
49
-68
32
-27
-33
41
-30
7
-101
56
-35
-13
-87
-35
56
125
51
-109
-31
9
25
-33
15
-128
65
7
-65
45
-43
2
127
-88
-106
-14
20
-63
-8
-32
-94
-95
-128
105
-21
-25
11
-46
-70
36
-29
45
-14
-112
33
-23
106
32
-103
-91
-43
-19
-128
47
-49
-76
20
55
-39
-26
73
-74
-29
94
70
57
55
-9
-30
-38
2
19
-71
39
66
49
18
122
23
63
106
-113
-71
58
23
-35
-96
52
43
-44
4
-128
-35
-12
-88
106
-52
32
-45
-93
-31
25
51
60
6
-20
52
-60
-15
-77
24
111
26
25
44
77
-80
24
9
78
9
-63
-128
97
56
-38
110
41
62
59
35
-76
37
46
22
-128
-128
-83
8
56
-6
-8
116
-128
6
28
-54
60
12
-99
-128
45
-26
-36
22
-27
17
42
-43
-30
0
51
-91
-49
-57
56
-64
41
18
-64
104
-62
-88
9
20
-68
-55
53
113
-80
0
48
-45
51
-40
45
5
-25
10
-25
7
60
-74
-42
49
-5
4
9
12
50
30
56
-2
119
-7
22
91
29
57
-19
-62
-17
63
-50
18
37
-7
-20
73
-67
-2
43
52
-21
-62
30
-34
-104
18
11
37
22
36
122
127
9
-50
-30
32
-12
-128
-47
-66
13
-77
75
-3
27
-128
-33
44
-128
-63
3
24
-28
86
-5
12
58
-31
-32
127
-19
127
-13
34
-61
-64
-26
-51
-47
-70
-128
-36
-59
16
30
57
-128
-128
-34
-35
84
-89
-18
-15
7
-45
-16
32
111
-69
85
64
-7
14
84
1
-42
-56
-8
30
72
22
47
32
-38
-2
49
-57
-3
66
35
17
-58
6
-4
-27
13
16
55
68
-65
-128
-65
-74
97
-55
-54
35
80
41
-3
-95
17
14
-84
67
-66
52
-12
-22
15
-73
70
7
73
83
-6
-1
127
2
82
-5
-6
38
-42
87
127
-33
-25
-14
-65
-10
58
-5
115
57
24
2
-36
-2
127
-11
70
-7
-94
-15
88
-99
-22
-106
8
-37
10
51
-104
-101
41
-100
54
22
-75
-78
55
83
18
-38
57
-18
-17
88
-74
47
-85
-104
28
-126
-33
-13
-42
111
85
11
-19
-83
32
59
-33
67
-4
-18
18
56
52
112
-117
0
-14
-26
-81
-58
61
33
-108
-10
70
-57
-6
47
15
-28
40
-57
74
-120
60
19
-58
90
3
31
-128
41
-4
55
38
33
-128
14
-81
26
99
-4
78
-4
-89
4
18
-125
-82
-41
19
-37
10
54
-17
102
16
-12
-41
-2
-13
-73
-100
-7
64
64
14
-10
-3
-77
6
125
-15
-3
60
97
5
-128
-25
54
48
-28
-54
-89
69
-65
-49
-128
5
-16
76
-103
-6
-40
-88
25
10
119
-65
6
48
-74
60
-1
38
-17
79
-1
-43
-67
11
83
-20
-128
-128
40
-11
1
57
-57
-86
33
-59
-49
-128
59
127
-62
-70
-3
31
-70
12
-23
-21
-114
127
29
-47
59
-57
13
36
79
23
-71
93
39
-2
-56
1
15
-16
34
72
-50
29
56
-108
-117
66
19
2
-59
47
49
90
127
38
-88
-57
-23
-34
86
-52
28
86
-72
-10
13
-8
-64
39
73
-53
56
-125
-99
126
-42
34
31
-73
81
-4
50
-6
-55
-35
-26
20
-30
-94
66
-14
58
16
29
127
-50
-25
-115
6
-128
-68
-8
35
-43
17
28
-36
-106
-14
15
35
-69
103
38
23
65
28
24
34
0
-30
-46
-116
-14
-72
-1
-60
-51
68
-11
99
-55
-99
-4
-127
27
-29
-99
-60
-12
20
15
53
24
-90
-84
57
-38
91
-4
-7
10
-96
-106
-14
-52
7
28
52
-24
14
9
-112
-22
42
-83
-16
28
39
-56
-13
57
42
-11
-8
-34
119
26
-61
27
14
11
-8
21
85
29
82
-3
14
-96
-39
-128
43
26
42
-24
124
117
-14
-93
-50
-19
24
93
-24
13
-16
-78
74
19
12
63
69
107
-12
-46
-4
-108
80
0
52
-78
-44
-53
-56
-8
-61
-38
30
73
42
-24
-58
-22
-29
90
-97
26
21
-14
-59
20
-50
16
20
47
53
-105
-22
87
-114
5
-6
14
-26
88
36
28
66
5
-12
-64
-53
21
-78
1
-128
-20
-5
6
66
-61
26
-5
65
-13
-38
-111
43
99
38
47
18
25
83
-128
65
7
20
-64
-122
33
6
-128
14
127
-103
29
42
-2
-4
6
-10
-84
35
18
-24
6
-40
-61
127
-47
-60
63
36
-81
-5
42
29
16
-16
6
-25
-2
-29
77
26
-42
-90
32
-1
-103
-73
69
93
-46
-128
127
-79
24
30
-32
-35
7
52
-121
42
35
-125
-41
-70
-58
11
33
14
2
5
25
40
-32
-60
-100
-90
65
-32
-11
91
54
44
25
-43
-128
-38
-64
-25
72
127
127
48
2
43
56
-37
17
-42
-108
-47
-128
47
-43
127
45
-5
-103
-19
103
-2
-71
30
127
-2
-56
21
-53
75
61
-60
-19
-96
-7
109
-114
-67
-36
-34
16
-64
70
39
11
-22
-54
63
-51
-88
66
13
100
10
69
-60
-63
-92
-42
-32
-77
14
-128
-50
38
-58
70
-16
-11
15
29
25
127
-26
-22
60
-62
-4
-2
91
-25
81
127
48
14
109
-58
-45
9
54
44
117
125
-45
23
30
-19
-31
-34
85
30
-34
-6
-6
77
-51
-63
-72
-30
-57
-61
65
51
-75
-35
-118
-82
-25
39
-67
-33
-104
51
12
-128
71
-25
-118
-45
-103
126
13
-57
-13
49
-60
6
6
80
91
-61
52
60
-94
38
-89
65
-32
56
32
-52
12
37
-32
-22
-71
-67
2
15
127
82
40
-128
-57
20
36
26
-48
-82
-1
65
-7
-115
-98
-63
-51
59
-75
12
69
-73
83
101
112
64
-22
-9
38
-64
-49
-52
51
36
115
-45
1
14
3
46
-64
-20
-117
-12
-58
19
57
21
49
0
-89
-106
57
38
29
71
-62
109
26
-111
-1
-55
-3
53
9
28
43
3
37
-45
119
52
3
-104
-128
-100
-9
-64
-29
-37
7
17
21
97
46
-128
50
2
71
122
46
1
-34
-71
-118
18
-7
-23
-70
1
39
-26
118
-102
-47
-14
0
-41
-32
-68
-25
1
-36
0
-59
2
1
12
12
35
-23
-30
9
-115
17
-22
-4
52
-33
-20
-18
-20
-104
92
-29
-4
94
31
95
-27
55
33
-41
82
39
-107
-51
-86
-8
30
31
-23
-89
10
50
24
34
-97
69
27
-18
-10
-87
62
69
-3
-47
-73
-49
-49
-57
-3
-93
-9
-57
127
65
84
-48
-27
-55
-83
-29
-58
-51
-63
5
-50
13
-69
-17
80
-27
53
45
-53
-19
45
90
-59
-13
50
-93
-36
-4
1
43
-25
3
-2
60
98
-11
26
6
57
32
-6
-13
-2
-67
-54
-108
-20
58
-7
-28
5
-34
-24
-66
41
-61
-71
65
34
6
-42
-9
127
30
-13
-25
111
-110
-22
-43
32
98
108
31
-4
-55
-54
-93
1
63
-101
-1
-87
79
1
-1
43
-54
-17
53
-38
-84
-4
-43
12
-47
21
109
-14
21
4
9
127
-30
-54
88
29
36
-33
7
-81
21
2
-21
64
-27
-13
2
91
-44
-4
29
-128
3
-34
29
56
-7
-48
-54
-47
85
-21
-39
-22
30
-41
-35
20
-73
6
15
50
67
-24
-19
-36
62
35
65
127
-43
92
26
-4
63
-12
-46
104
48
46
83
-35
-16
97
-48
-47
103
2
-105
13
-128
18
-27
-74
-45
-128
-22
-1
-85
-87
-31
-29
-66
61
-24
-28
35
-10
-105
29
-64
-26
-39
-102
-34
30
-8
2
110
-12
74
-53
-52
11
11
-47
1
-106
-60
6
90
-25
15
-25
-55
-65
50
81
-7
-110
15
20
115
-62
-88
-23
-18
55
35
-76
69
10
65
-40
-16
89
-15
108
80
-56
-105
-73
45
19
-6
-68
58
-26
-14
-2
36
-55
-8
-65
3
-9
-43
-115
-79
-26
85
2
10
-62
33
44
4
4
-21
-14
-17
42
-49
-31
53
-57
-18
-14
60
80
-80
-34
-128
-75
17
3
38
-51
-21
-30
-41
93
-110
30
4
39
60
95
8
-11
-128
-90
-91
29
75
127
18
54
-55
89
9
-99
-105
-82
127
-10
-90
-26
4
-20
-94
-32
-110
-44
78
26
24
-22
-90
12
127
11
-55
67
-18
117
61
46
-33
36
-60
-76
-68
18
61
-28
-89
85
37
51
-52
43
-7
-90
84
32
66
-30
-85
-128
-55
32
-79
55
20
62
-52
23
-4
56
20
-17
77
-12
23
29
79
-10
-23
-10
-83
3
-47
82
38
-4
85
1
-61
13
127
-30
3
-63
-11
127
-64
-24
-18
-63
13
-17
-38
125
23
-128
37
94
-40
69
102
-42
-32
-17
5
-38
20
27
-24
-88
-79
55
-20
58
-128
-54
115
-66
-64
-13
7
108
101
-14
-51
13
126
-34
127
29
23
72
-42
83
-100
-101
31
1
-22
127
67
-83
-5
2
30
17
-2
10
18
81
20
92
-45
127
32
1
-58
-7
21
-12
-61
-21
-78
16
-1
-5
90
50
102
-26
28
36
34
-52
-7
16
-71
16
55
-51
-77
-52
0
-25
127
-10
5
-82
-53
6
-23
-38
-98
60
-97
21
19
27
18
53
-3
-24
-32
-81
0
-5
2
-95
1
86
-95
100
-47
9
44
84
-43
51
-21
-1
-42
13
54
62
6
-11
14
90
-128
89
10
-10
127
-73
-31
-20
-84
-15
-26
-98
58
-55
-110
-101
-9
3
16
-24
-61
100
23
-5
-40
-9
-45
30
-23
-49
62
68
-31
13
-60
45
-44
28
59
-45
-26
24
48
46
-63
38
89
41
-50
-19
44
-75
28
18
-82
11
-39
106
-51
45
-4
15
27
127
19
-128
36
26
41
28
-13
-122
20
6
42
64
-73
-10
-62
-23
76
127
36
-6
-6
57
-57
-45
-27
-9
19
7
68
70
15
2
-64
13
-7
36
35
48
-46
-116
13
-32
-3
0
-31
15
87
49
-64
100
-71
107
39
12
10
-18
-22
100
96
-54
-51
76
-78
-58
46
-77
14
-78
-105
-107
9
57
14
-48
-15
6
-10
10
65
15
75
45
6
-78
-27
-30
-60
-70
81
16
